0 0.494060 0.072996 0.858988 0.037214
0 0.515496 0.121660 0.669421 0.044847
1 0.068698 0.029580 0.126033 0.034351
2 0.967459 0.119275 0.029959 0.049618
3 0.298554 0.267176 0.273760 0.148855
3 0.496901 0.267176 0.106405 0.148855
3 0.609246 0.270038 0.106921 0.154580
3 0.749742 0.265744 0.163740 0.157443
6 0.212035 0.547233 0.102789 0.245229
6 0.324380 0.545324 0.103306 0.252863
6 0.433884 0.550095 0.103306 0.266221
6 0.550362 0.549141 0.104855 0.271947
6 0.657283 0.545324 0.098657 0.264313
6 0.777634 0.549618 0.118285 0.267176
7 0.175620 0.590172 0.024793 0.027672
7 0.285382 0.593034 0.022211 0.029580
7 0.505682 0.598760 0.017562 0.027672
7 0.622676 0.595420 0.032541 0.022901
7 0.731663 0.594466 0.028409 0.032443
8 0.212035 0.625477 0.097624 0.031489
8 0.324380 0.628817 0.100207 0.032443
8 0.437242 0.598760 0.106921 0.029580
8 0.551395 0.627385 0.105888 0.027672
8 0.656250 0.626908 0.096591 0.028626
8 0.767562 0.628817 0.097107 0.030534
11 0.494835 0.881202 0.981405 0.237595
