0 0.515496 0.121660 0.673554 0.041031
0 0.497159 0.068225 0.861054 0.037214
2 0.966426 0.119752 0.027893 0.044847
1 0.071798 0.031011 0.122934 0.031489
3 0.270661 0.291985 0.217975 0.208015
3 0.497417 0.291508 0.220041 0.203244
3 0.720816 0.291985 0.213326 0.202290
6 0.209452 0.593989 0.098657 0.241412
6 0.322572 0.590172 0.104855 0.243321
6 0.435692 0.592080 0.105888 0.243321
6 0.541322 0.593034 0.095041 0.243321
6 0.653926 0.594466 0.114669 0.246183
6 0.782800 0.591603 0.131715 0.246183
9 0.814050 0.531966 0.029959 0.062023
7 0.183626 0.637405 0.047004 0.020992
7 0.293388 0.638836 0.043388 0.023855
7 0.406767 0.637882 0.044938 0.020038
7 0.518337 0.637405 0.047004 0.026718
7 0.625258 0.634065 0.047004 0.031489
7 0.738636 0.634542 0.045455 0.030534
8 0.211260 0.666985 0.098140 0.032443
8 0.326188 0.667939 0.106921 0.028626
8 0.438017 0.666508 0.104339 0.033397
8 0.541322 0.669370 0.092975 0.033397
8 0.657800 0.669370 0.106921 0.031489
8 0.768079 0.666985 0.102273 0.032443
10 0.243543 0.900286 0.159607 0.187977
10 0.411932 0.897901 0.159607 0.188931
10 0.581095 0.900286 0.160124 0.187977
10 0.750517 0.896469 0.165289 0.189885
