3 0.301136 0.282920 0.280992 0.186069
3 0.495093 0.280057 0.103822 0.184160
3 0.608213 0.281966 0.104855 0.170802
3 0.749225 0.282443 0.162707 0.179389
0 0.496126 0.068225 0.860021 0.037214
0 0.512655 0.123092 0.669938 0.043893
2 0.968492 0.123569 0.026860 0.052481
6 0.208936 0.574427 0.102789 0.257634
6 0.326963 0.571088 0.101240 0.262405
6 0.437242 0.570611 0.103822 0.263359
6 0.547779 0.573950 0.101756 0.264313
6 0.653409 0.584447 0.097107 0.289122
6 0.772986 0.585401 0.121384 0.291031
7 0.179494 0.623092 0.041839 0.030534
7 0.298037 0.621660 0.047521 0.035305
7 0.394886 0.624046 0.022211 0.034351
7 0.517562 0.621660 0.042355 0.029580
7 0.621126 0.620229 0.030475 0.030534
7 0.738636 0.620706 0.045455 0.037214
8 0.212035 0.654580 0.100723 0.026718
8 0.325671 0.656489 0.101756 0.028626
8 0.435176 0.657920 0.098657 0.033397
8 0.546488 0.657443 0.100207 0.032443
8 0.655475 0.672710 0.096074 0.038168
8 0.768595 0.676050 0.106405 0.035305
3 0.272727 0.892176 0.212810 0.204198
3 0.496643 0.887882 0.216426 0.197519
3 0.720041 0.894561 0.214876 0.205153
1 0.070248 0.027672 0.126033 0.030534
