0 0.514979 0.121183 0.671488 0.045802
0 0.495351 0.069179 0.857438 0.027672
1 0.069731 0.031966 0.115702 0.029580
6 0.213326 0.336832 0.097107 0.251908
6 0.323864 0.333015 0.089876 0.248092
6 0.435176 0.335878 0.098657 0.248092
6 0.548295 0.335401 0.103822 0.247137
6 0.660640 0.339695 0.106405 0.250000
6 0.774535 0.341126 0.114153 0.252863
9 0.814050 0.280057 0.033058 0.058206
7 0.182851 0.378817 0.038223 0.024809
7 0.294163 0.383111 0.035640 0.025763
7 0.406767 0.382634 0.042872 0.026718
7 0.517820 0.384542 0.041839 0.024809
7 0.627324 0.378817 0.039773 0.036260
7 0.737345 0.380248 0.037707 0.031489
8 0.212035 0.413645 0.094525 0.035305
8 0.325930 0.412214 0.100207 0.032443
8 0.436725 0.415076 0.101756 0.038168
8 0.548295 0.413645 0.105888 0.033397
8 0.659607 0.411737 0.103306 0.031489
8 0.773760 0.416031 0.112603 0.040076
2 0.965393 0.122137 0.022727 0.045802
3 0.300362 0.747615 0.270145 0.489504
3 0.553202 0.620706 0.219008 0.228053
3 0.749742 0.748092 0.163740 0.488550
3 0.496643 0.864981 0.103822 0.249046
3 0.608471 0.867844 0.107438 0.249046
