0 0.497676 0.071565 0.856921 0.040076
0 0.072056 0.026718 0.120351 0.028626
2 0.965909 0.122137 0.023760 0.049618
0 0.514721 0.121660 0.674070 0.041031
3 0.299587 0.421756 0.271694 0.461832
3 0.552944 0.281489 0.219525 0.187023
3 0.498192 0.517653 0.103822 0.258588
3 0.610021 0.520515 0.105372 0.266221
3 0.750517 0.421756 0.163223 0.463740
6 0.211777 0.851622 0.103306 0.235687
6 0.326963 0.855916 0.099174 0.244275
6 0.435692 0.851145 0.103822 0.229008
6 0.546746 0.853531 0.103822 0.237595
6 0.657800 0.856393 0.097624 0.237595
6 0.773244 0.851622 0.111570 0.233779
7 0.728306 0.897901 0.021694 0.020992
7 0.621901 0.896947 0.028926 0.028626
7 0.505940 0.900763 0.019112 0.032443
8 0.435176 0.902195 0.098657 0.033397
7 0.285640 0.902195 0.024793 0.029580
7 0.175103 0.898855 0.028926 0.022901
8 0.211260 0.932252 0.098140 0.038168
8 0.323864 0.932252 0.102273 0.026718
8 0.546488 0.932729 0.103306 0.031489
8 0.656508 0.934637 0.097107 0.037214
8 0.768337 0.931775 0.098657 0.031489
9 0.810950 0.798187 0.029959 0.041031
