0 0.513171 0.123569 0.667872 0.042939
0 0.495093 0.070134 0.860021 0.042939
1 0.070248 0.031489 0.117769 0.028626
2 0.966684 0.121660 0.022211 0.046756
5 0.500517 0.307729 0.677686 0.151718
6 0.212293 0.597805 0.103306 0.283397
6 0.320506 0.601145 0.092459 0.288168
6 0.434917 0.601145 0.104339 0.290076
6 0.548295 0.599714 0.099690 0.291031
6 0.660124 0.599237 0.104339 0.286260
6 0.774793 0.599714 0.107438 0.287214
6 0.201446 0.902672 0.079545 0.139313
6 0.312758 0.911260 0.083161 0.150763
6 0.434143 0.909828 0.063533 0.153626
6 0.536932 0.908874 0.083161 0.147901
6 0.657283 0.911260 0.076963 0.150763
6 0.772211 0.913168 0.115702 0.150763
7 0.182593 0.631679 0.038740 0.024809
7 0.294163 0.630725 0.038740 0.028626
7 0.405992 0.631202 0.041322 0.025763
7 0.517562 0.633588 0.042355 0.022901
7 0.628874 0.632634 0.039773 0.022901
7 0.744060 0.631202 0.043905 0.031489
8 0.211519 0.683683 0.098657 0.039122
8 0.319731 0.683683 0.090909 0.039122
8 0.434917 0.682729 0.102273 0.035305
8 0.548037 0.663168 0.100207 0.032443
8 0.658574 0.664122 0.099174 0.038168
8 0.773244 0.662214 0.108471 0.028626
9 0.813533 0.530057 0.033058 0.054389
9 0.812242 0.915553 0.029442 0.065840
