0 0.513946 0.123569 0.670455 0.042939
2 0.966684 0.122615 0.028409 0.050573
0 0.496901 0.069179 0.857438 0.033397
1 0.070506 0.029580 0.123450 0.034351
3 0.243285 0.210878 0.157025 0.040076
3 0.411157 0.210878 0.158058 0.036260
3 0.581870 0.209447 0.161674 0.037214
3 0.750258 0.302004 0.159607 0.222328
3 0.495610 0.330153 0.330062 0.167939
3 0.241736 0.325859 0.160124 0.165076
3 0.496384 0.461355 0.665289 0.067748
3 0.271694 0.659351 0.219008 0.242366
3 0.496384 0.660782 0.212810 0.241412
3 0.721591 0.662691 0.214876 0.243321
4 0.200413 0.932252 0.073347 0.118321
4 0.324380 0.932729 0.078512 0.123092
4 0.449122 0.932252 0.075930 0.124046
4 0.664256 0.923187 0.335744 0.136450
